196 285 0.0
227 229 6.39246407504e-05
67 98 0.000238187200807
195 350 0.000307203796326
7 33 0.000462641899591
181 243 0.00099364912352
197 252 0.0011164718213
77 107 0.00122171430877
378 434 0.00129693413329
69 101 0.00160997229397
198 213 0.00171118952159
0 46 0.00257093898786
385 404 0.00334009000679
375 438 0.00334400986494
382 444 0.00336957651786
177 333 0.00361811046186
9 27 0.00376382587258
4 14 0.00387579627928
175 296 0.00467831380534
74 130 0.00470454949422
188 268 0.00504692843732
381 434 0.00539959940191
175 346 0.00654189095838
88 102 0.00689061302727
66 135 0.00694433124822
89 145 0.00715394070282
194 335 0.0075888430439
225 331 0.00761781914096
73 156 0.00777071392332
374 384 0.00783132545392
178 186 0.00786915823969
125 172 0.00792187593113
374 399 0.0079853781246
368 404 0.00808556716491
236 291 0.00821482300632
95 139 0.00851753610254
91 92 0.00936305745043
301 350 0.00950668453302
246 305 0.00971258804965
376 449 0.0109708865413
385 406 0.0110086364802
5 46 0.0113403140488
187 279 0.0115808718198
356 442 0.0120297855965
70 129 0.0122187374375
109 153 0.0122520973698
191 258 0.0123418984029
3 9 0.0123773352106
371 435 0.0125670351084
375 384 0.0127940096078
71 138 0.0130168547752
358 405 0.0131002290312
278 280 0.0131432523182
367 401 0.0138057547682
398 403 0.0141860311647
20 49 0.014269857318
190 281 0.0142833742958
87 150 0.0145695303667
222 223 0.0147189076997
201 351 0.0147294155559
207 283 0.0148710380416
220 273 0.0149552898416
191 205 0.0150263175242
256 277 0.0151549950764
273 335 0.0151832835778
275 317 0.0153206297063
221 284 0.015716177604
84 164 0.015764963062
200 287 0.0159294933748
204 221 0.0161969042967
23 49 0.0166186084224
190 280 0.0166356186796
200 341 0.0174592532726
180 289 0.0175109335634
369 440 0.0175250486112
68 150 0.0176173212181
264 277 0.0180267128072
21 61 0.0182222427971
292 329 0.0183786447894
209 212 0.0183874144195
283 284 0.0184393803153
218 328 0.0185515169887
226 245 0.0186564037634
373 432 0.0186749464605
3 44 0.0188473672364
179 340 0.0190270137043
368 376 0.0190314834761
265 325 0.0191074501971
317 330 0.0192577443707
203 260 0.0192787847907
309 344 0.0194210664245
71 168 0.0194771302127
456 469 0.0195031771901
260 317 0.0196376837227
2 17 0.0196390000773
36 45 0.019704138502
269 274 0.0197406754595
360 394 0.019970407624
225 332 0.0203738887658
189 256 0.0204417733218
21 25 0.0206805260245
27 28 0.0211173610534
308 309 0.0213529753696
207 264 0.0214225930002
361 385 0.0214348711253
467 469 0.0214830191526
398 420 0.0220526975086
261 266 0.0221348848488
364 389 0.0221552221095
294 299 0.0222102740599
120 172 0.0222370953416
271 274 0.0224510480886
360 363 0.0225986760276
277 278 0.0228416288342
9 23 0.0231016057054
325 338 0.0231029485984
211 243 0.0232273635386
90 123 0.0232477857436
239 269 0.0233607336023
384 437 0.0234474923678
204 262 0.023515447974
26 36 0.0236408446362
405 444 0.0236472433459
13 36 0.0237109138564
244 323 0.0239720643794
377 432 0.0239777473305
356 401 0.0243200461863
294 345 0.0251760583578
197 254 0.0254183267378
81 173 0.0256522755917
209 215 0.025863766582
388 454 0.0258730508194
261 326 0.0258785901124
244 245 0.0259824705918
242 312 0.0261759236727
227 228 0.0261775988458
355 365 0.0264153984162
362 413 0.0264734390302
411 416 0.0266690429586
458 469 0.0266821427581
302 344 0.0267028518149
12 31 0.0268961167103
359 412 0.0271239604192
253 302 0.0272982689599
356 358 0.0274139271366
265 267 0.0274788868597
414 415 0.0274916673485
242 334 0.0277022691969
182 183 0.0277397698039
420 438 0.0277742704145
329 347 0.0277815906529
345 349 0.0278409062337
379 398 0.0278467072914
228 232 0.0278893795313
226 331 0.0279021060621
324 325 0.0280392874909
257 265 0.0280707031143
380 451 0.0287401395869
355 392 0.0287612208233
180 349 0.0288804976237
268 314 0.028892991035
462 463 0.0291578011082
357 407 0.0293211554378
214 216 0.0298133342578
306 327 0.0301523462933
255 270 0.0304393186605
383 451 0.0305491703951
402 437 0.030621986651
218 223 0.0311147606558
321 332 0.0311264200756
244 346 0.0311706055874
339 352 0.0312069513843
291 301 0.0312976658261
319 322 0.0315232112859
380 427 0.0315523849723
196 334 0.0316523175095
8 52 0.031928049688
10 50 0.03193681534
235 236 0.0320133729085
199 282 0.032126072128
20 40 0.0322164074131
341 342 0.032444980731
325 337 0.0325760379448
403 418 0.0326045886562
343 344 0.0327276715762
255 341 0.0328957286807
234 296 0.033164458985
259 338 0.0333576798098
372 450 0.0333719093529
196 273 0.0334979868745
195 343 0.0337546963172
382 437 0.0338324830616
24 40 0.0339871397141
166 169 0.0342006116322
13 28 0.0342410014044
399 400 0.034246508941
248 289 0.0344592822863
176 242 0.0344709535717
280 328 0.0345498391388
206 276 0.0345716169596
258 276 0.0346809086494
220 352 0.034795032825
222 292 0.035442691923
122 170 0.0354769898025
18 19 0.0370198898361
1 19 0.0373026526724
86 140 0.037604933493
252 324 0.0376135706421
295 339 0.0376165139295
268 318 0.0381027538374
372 431 0.0382102952597
459 462 0.0390762994779
367 383 0.0391895280788
315 316 0.0397664092645
212 216 0.0397830405877
75 131 0.0397934486868
169 174 0.0400665360599
366 450 0.0406342061461
181 343 0.0410155089532
37 53 0.0413414617216
263 264 0.0414024263598
421 422 0.0418227519681
318 326 0.0419638462911
4 12 0.0420687724493
248 275 0.0421420731117
1 16 0.0423090047031
381 453 0.0425749154185
282 283 0.0440461645236
319 321 0.0445310718882
219 247 0.0448126958696
267 336 0.0453672192195
75 100 0.0455803718759
271 312 0.0456859163767
392 421 0.0464186869864
422 448 0.0464282316885
130 164 0.0465733015937
138 158 0.046856393323
180 193 0.0474686589329
254 306 0.0475071778488
231 234 0.0475448442347
125 166 0.0478983144395
217 233 0.048016383114
184 229 0.0482532002343
259 270 0.0483943618261
443 447 0.0484979964479
431 441 0.0487394307321
7 17 0.0490135183722
422 446 0.0490922508724
176 235 0.0492061892383
65 66 0.0492415060376
224 299 0.0493540726262
78 85 0.0500562368497
247 314 0.0500819223232
439 443 0.0501036914882
64 76 0.0501143034196
182 211 0.0504472007064
43 44 0.0505528708048
22 54 0.0508015475062
26 39 0.0512669510224
320 323 0.0514009051771
80 82 0.0516132803141
177 185 0.0519924255809
20 30 0.0522678871533
238 247 0.0529035021712
224 238 0.0530002265223
125 127 0.053084640729
6 48 0.0533148100087
31 39 0.05356933044
79 165 0.0539993891332
26 38 0.0543741903443
106 108 0.0546630188185
386 452 0.0548353302875
228 230 0.0554565498821
427 452 0.0556433555989
30 41 0.0557851375683
141 157 0.0563942796354
211 214 0.0565103792262
290 336 0.056954546698
69 91 0.0571832338722
98 133 0.0576396921574
276 313 0.0577363115958
15 24 0.0578700767892
128 152 0.0580302824621
202 347 0.0580696401842
238 316 0.0581592898486
120 173 0.0585133901131
353 366 0.0585170993466
353 432 0.0586229152725
99 137 0.058676072378
199 290 0.0589073889729
33 51 0.0589398026567
118 174 0.0591473161947
393 394 0.0592802792077
411 433 0.0594937253978
362 419 0.0595320511112
193 297 0.0598002737573
72 140 0.0599936987695
12 34 0.060831405866
35 38 0.0613441957343
6 8 0.0615716274922
187 217 0.0620284112451
423 425 0.0620315393004
231 294 0.0620948541139
373 386 0.0626726974168
178 192 0.063310614713
82 92 0.0633119129868
393 413 0.0641158980527
233 340 0.0642455717146
83 121 0.0645114600308
6 58 0.0646874176821
417 425 0.0653385644115
11 16 0.0660829776712
463 466 0.0662303143827
192 305 0.0664295393106
269 272 0.0666094672629
90 163 0.0673618765343
179 298 0.0674233887751
410 429 0.0678334137833
416 443 0.0678593094897
286 304 0.0680350772901
178 311 0.0685936056288
177 233 0.0686080428186
191 287 0.0688776123089
327 339 0.0689807343817
100 155 0.0697816378593
250 293 0.0698652386716
98 146 0.0701346840754
390 434 0.0704737297228
410 412 0.0709708157859
104 133 0.0709802617618
72 97 0.0712474686422
87 88 0.0713448535853
141 162 0.0713942508947
192 310 0.0715273525144
371 430 0.0717414415626
29 60 0.0724195670657
16 54 0.0727573070824
65 76 0.0728515490582
54 57 0.0731301851969
363 435 0.0733348347081
88 97 0.0740025359784
395 423 0.0742861654566
131 154 0.0745450378354
104 160 0.0745464960712
241 348 0.0757320700211
2 63 0.0758490472343
359 452 0.0763522707514
124 166 0.0773602742062
129 168 0.0775562172364
100 151 0.0776223289058
111 147 0.0781050986204
15 62 0.0781131838098
122 143 0.07886813548
109 311 0.0794535837244
103 156 0.0797570258186
208 300 0.0799288413508
32 60 0.0804336368212
5 42 0.0807652833139
391 449 0.080841571624
117 136 0.0808816412878
136 171 0.0812105030406
391 454 0.0814013100938
104 148 0.0814166520906
359 436 0.081456491837
164 167 0.0816315534937
179 249 0.0817733546982
0 29 0.0820991414883
387 448 0.082338033713
47 56 0.0826843119349
34 60 0.0828562359955
109 159 0.0829192711961
304 327 0.0829860846371
210 279 0.0834397213864
395 436 0.0837604849396
397 423 0.0838490799135
143 160 0.0840010800636
210 232 0.0846408502252
387 409 0.0848785729921
361 396 0.0849071755905
96 99 0.085598079722
240 304 0.0856948243753
110 152 0.0865323474452
142 165 0.086755778962
182 288 0.0867966764185
369 397 0.08709760801
60 61 0.0880621422774
121 152 0.0881249757652
369 430 0.0882254954388
249 297 0.0882955733743
305 313 0.088660226017
187 351 0.0889043618664
73 96 0.0892585097539
10 32 0.0903337140839
72 94 0.0904278966613
77 79 0.0906033990988
117 161 0.0910812444253
415 428 0.0915119814211
189 251 0.0918377194876
115 119 0.0930876790824
134 135 0.094244009436
82 112 0.0951283838782
307 351 0.095907029666
132 146 0.0960692600163
7 37 0.0966418852709
14 55 0.0966444064462
240 300 0.0970831163567
230 293 0.0979775438119
186 241 0.0987635702644
103 116 0.100618920685
455 456 0.10201660607
202 213 0.10215325297
241 303 0.102754705169
171 173 0.102986536393
456 465 0.103922422312
293 347 0.104785562512
370 417 0.104861224347
114 127 0.105098945478
8 47 0.10642517399
41 59 0.107522085024
103 123 0.107937676493
132 157 0.109171275773
124 128 0.109286574456
380 439 0.109356352812
118 170 0.109367114995
455 463 0.109435549779
126 139 0.109770165025
5 51 0.110812439783
84 158 0.110954276726
126 137 0.111181305478
73 111 0.11168723387
77 144 0.113153389729
85 94 0.116551308241
396 433 0.117740251275
6 11 0.119104400956
119 165 0.121586285019
15 58 0.122015625889
214 237 0.122524257173
364 423 0.124533371273
108 110 0.126467167045
409 428 0.126722047922
141 144 0.128041746384
70 142 0.128602439064
362 428 0.129486918478
64 108 0.130413359339
428 445 0.131923475677
102 161 0.132013266988
79 113 0.133324068156
357 370 0.137002021999
161 163 0.142055424098
408 426 0.144494459665
365 426 0.149822666637
85 93 0.149882933412
69 86 0.150102224369
354 390 0.152974333806
132 155 0.160117922421
445 453 0.176369817984
424 446 0.177287644999
147 149 0.180086544902
89 149 0.182500685248
82 105 0.204691182109
461 468 0.207647911529
457 458 0.285085524407
113 159 0.312872848564
464 468 0.360765985431
105 390 0.457588793477
457 464 0.507058496634
459 460 0.951456772712
63 460 1.56425872135
19 64 3.23291505115
719 749 0.0
899 926 0.000143363135584
597 678 0.000343243934273
591 662 0.000400189970565
596 653 0.000444498176614
479 527 0.000465432394039
731 810 0.000485387437534
913 925 0.000589761211146
611 681 0.000734702238488
592 621 0.00170921838704
880 929 0.00189511464491
711 747 0.00230910716491
593 642 0.00256525277756
598 694 0.00270701273658
480 519 0.00342435352212
472 529 0.0034456335868
720 792 0.00433117225371
601 682 0.00441543077472
616 691 0.00457904838611
481 508 0.00458948202195
703 826 0.00465943258478
851 924 0.00579167656856
882 934 0.00643783461166
698 820 0.00665653359828
859 919 0.00680599304117
585 676 0.00717188182858
697 739 0.00721503657599
708 774 0.00763358056446
604 616 0.00779834103444
609 659 0.00788313711381
713 815 0.00792341868557
723 777 0.00824392585793
881 937 0.00844636775217
898 918 0.00866365502287
471 528 0.00884555235425
704 738 0.00898283830579
703 714 0.00970343910598
581 694 0.0101846836438
766 769 0.010735085045
612 675 0.0108002157601
599 640 0.0111613556785
602 614 0.0112295317599
587 695 0.0112554633868
761 762 0.0113314592539
590 630 0.0114199632457
476 529 0.0114532861035
770 786 0.0116012273165
697 813 0.0117136402615
470 522 0.0117342844379
878 924 0.0117770911255
777 818 0.0120421603459
705 782 0.0123386814082
797 807 0.0123635325502
872 886 0.012703417085
478 551 0.0127171847092
858 897 0.0128270377363
579 645 0.0128830771375
470 523 0.0131771531418
763 769 0.014000062445
564 567 0.0142193452772
583 660 0.0144273140307
472 494 0.014427826732
491 495 0.0153985419447
860 868 0.0156291351362
510 542 0.0157839992393
559 565 0.0159107546879
476 536 0.0162279307829
710 796 0.0176938196466
615 688 0.0179797166132
482 574 0.018180059728
877 890 0.0182468653435
505 507 0.018361742012
741 751 0.018433677477
505 525 0.0188319427155
507 541 0.0188757977301
480 488 0.0191854891842
525 544 0.0192069377953
491 536 0.0192128001583
722 838 0.0192832504488
509 540 0.0193858147137
716 794 0.0194356629424
480 487 0.0194442858957
603 634 0.0195498630016
561 562 0.0196299618883
741 773 0.0198200660824
594 687 0.0202634503368
547 564 0.0203134151574
491 497 0.0203887735732
516 558 0.0207427331582
561 565 0.0207507242742
737 834 0.0211180681576
496 529 0.0213322163555
547 548 0.0213695137013
761 792 0.021761914527
719 764 0.021875635956
888 934 0.0221539526932
510 546 0.0222732978711
715 765 0.0223288682554
540 558 0.0226504698092
490 523 0.0227747349167
699 731 0.0228687930523
471 494 0.0228772117672
805 807 0.0229682683093
525 542 0.0230458041967
477 563 0.0230667856537
790 836 0.0230911510143
750 751 0.0236570729955
766 767 0.0238492212178
813 838 0.0238528660729
504 506 0.023904163384
836 839 0.0244001526714
477 559 0.0244532877676
785 790 0.0246719047443
773 803 0.0247755625528
789 839 0.0247798036703
564 565 0.0252625382393
866 887 0.0253754984797
723 726 0.0254708720487
504 513 0.0257926685207
725 824 0.0259048214309
728 754 0.0261685136524
521 544 0.026467621168
762 786 0.0266809297877
485 501 0.0267626096897
700 755 0.0268174500966
739 767 0.0269790324075
471 535 0.0272484597672
617 692 0.027360630491
733 811 0.0276285982688
506 522 0.0277341426798
470 521 0.0282142798839
499 536 0.0284816315876
698 758 0.0285127701478
798 820 0.0285867313885
595 655 0.028599036157
906 910 0.0289339080662
583 607 0.0291501591825
697 746 0.0295368675732
852 910 0.0302632316049
720 804 0.0302879156346
745 751 0.0306021628932
797 798 0.0314927277156
751 752 0.0315397656012
785 788 0.0315839799637
600 603 0.0325101471442
608 685 0.0325337299436
497 531 0.0328613875572
475 515 0.0329809294633
728 797 0.0329855665988
512 533 0.0332343048727
619 651 0.0335963060738
795 797 0.0336356558919
594 620 0.0337427698305
600 638 0.0338586200475
484 501 0.0343422202899
849 905 0.0344212821879
482 562 0.034570012395
892 936 0.034661143776
718 802 0.0346972483433
595 650 0.0356907565763
717 833 0.0359145305663
745 794 0.036030478898
618 635 0.0361783950384
769 846 0.0363618278302
750 786 0.0368479742285
806 825 0.0370401455298
911 936 0.0372028527734
791 806 0.0374367215097
850 882 0.0377836240295
502 558 0.038512347133
856 861 0.0385591771063
613 696 0.0389568938615
762 768 0.0389746475576
707 709 0.0397084350433
729 764 0.0397415441248
512 523 0.0399904249876
482 575 0.0409688786473
484 496 0.0416520929129
553 556 0.0419286277356
736 742 0.042133693728
822 830 0.0427076289214
612 674 0.0427672891895
862 903 0.0430326313979
610 652 0.0433632296063
686 690 0.0433638056471
718 793 0.0434090173333
739 788 0.0434786696948
481 503 0.0438956777305
665 677 0.0439782686564
854 879 0.0440777539715
851 925 0.0442807598586
486 506 0.0443019928711
608 680 0.044533203811
875 914 0.0447545947514
706 787 0.0449832067784
848 889 0.0453842431752
593 627 0.045457361303
589 681 0.0457359296191
808 834 0.0466896004022
590 655 0.0467661458182
615 696 0.0474797581574
817 831 0.0475369342203
500 531 0.0476152284787
763 793 0.0476863575108
489 502 0.0477795557919
486 487 0.0479109672683
708 721 0.0479330039294
623 647 0.0479348175953
778 791 0.0484214976347
592 657 0.0484501320448
619 639 0.0487433700171
484 493 0.0492500034335
619 627 0.0496705824473
876 897 0.0498515078999
772 840 0.0500035277515
869 916 0.0504396454801
605 680 0.0512786361154
543 546 0.0513851084868
646 666 0.0516301750531
594 686 0.0516403192391
539 578 0.051835870525
588 663 0.0521335451994
718 740 0.0521393821911
771 789 0.0521936946031
626 691 0.0523766764948
627 633 0.0523977705703
586 605 0.052871741505
712 736 0.0528838305381
479 532 0.0529289088915
734 748 0.0529629293249
774 840 0.0531617137619
901 916 0.0534184037172
615 643 0.0539458900752
586 660 0.0541708729327
643 684 0.0547434574705
781 803 0.0548400461143
603 659 0.0550299232312
689 690 0.0553579800878
713 796 0.0558316305774
612 688 0.0560107780508
585 589 0.0560636445985
597 661 0.0561751240777
709 821 0.0564550188375
877 927 0.0567341656259
759 800 0.0572397409912
725 825 0.0575614412031
606 673 0.0577117328139
485 486 0.0579905514732
847 907 0.0580220861621
607 624 0.0580811577827
664 683 0.0580870756048
518 574 0.0583246921442
889 895 0.0583412363519
710 828 0.0586921261706
724 817 0.0587178020967
554 560 0.0588005724678
784 833 0.0588292736004
505 509 0.0588838581005
586 665 0.0593569966518
779 841 0.0596527064873
733 775 0.0598585739286
821 832 0.0602006699099
812 842 0.0605589456601
630 648 0.0616782826762
705 735 0.0620912826103
627 636 0.0625969392197
539 543 0.063352569896
533 575 0.0633557250618
518 526 0.0634792787875
865 907 0.0638547958829
623 685 0.0640268022957
584 639 0.064207107081
738 756 0.0642992805728
669 670 0.0645932871575
702 845 0.0648366699212
825 837 0.0651241207192
702 727 0.065147252524
707 828 0.0654803823106
599 676 0.0655054427972
533 545 0.0660024044339
735 810 0.0661550146071
596 637 0.0663321685146
881 927 0.066525653674
801 827 0.0666307471402
524 553 0.0666857889067
524 566 0.0668035960856
498 514 0.0675790112335
582 658 0.0682462959913
736 816 0.0694057929524
909 930 0.0702879322658
824 841 0.070528768798
837 846 0.0705308192839
755 844 0.0706531665998
714 717 0.070702982621
625 649 0.0708722129673
705 726 0.0710374820951
787 829 0.0715330756704
809 827 0.0718277226304
508 571 0.0720906907037
727 735 0.0721349691711
758 784 0.0725191347394
588 661 0.0725429574311
783 796 0.072947583501
500 566 0.0732582003535
781 824 0.073331939446
734 742 0.0734500251166
658 684 0.073483258892
609 678 0.0737750688992
601 693 0.0740205659812
760 800 0.0743999130361
712 795 0.0745322864685
617 677 0.0750873944187
588 608 0.0754059364522
715 842 0.0758467659614
620 632 0.075905012451
640 667 0.0759064749432
598 671 0.076516947431
855 885 0.0766407173428
622 648 0.0768248803523
587 656 0.0769219641163
507 511 0.0769909114023
638 695 0.0772296618307
704 719 0.077839814824
637 638 0.0781552434859
732 743 0.0784836457626
745 783 0.0785670741472
818 823 0.0790956370141
610 653 0.0794836961851
579 668 0.0806071791495
644 666 0.0808252245533
679 683 0.0809805262739
537 571 0.081111927929
776 835 0.0815403322642
811 843 0.081549119721
712 812 0.0823595583573
632 644 0.0825582005218
864 896 0.0826028068485
639 657 0.083852090065
624 669 0.0840353381303
701 738 0.0854769518564
733 747 0.0858191164799
555 570 0.0858481569779
729 799 0.0860687334457
717 780 0.0861084968036
787 842 0.0863629559995
656 679 0.0864979287723
498 538 0.0870290527161
855 904 0.0881923375609
893 909 0.0884540762751
672 684 0.0886955832974
731 738 0.0887334447843
478 517 0.0887594490847
910 917 0.089153437294
747 801 0.089177004709
862 902 0.0894258983749
744 778 0.089629743222
603 606 0.0901374881017
789 835 0.0913047844977
858 938 0.0916250982539
481 545 0.0920524199787
629 666 0.0921936385982
580 673 0.0923340892071
592 670 0.0927343015484
517 569 0.0946112588308
724 758 0.0953301348151
858 932 0.0964166227079
771 814 0.0966000394195
648 658 0.096601649091
871 912 0.0966686961741
853 886 0.0971604746617
917 920 0.0976652388957
853 890 0.0977373633262
532 577 0.0979030022393
711 753 0.0979817179203
633 682 0.0980591998163
584 614 0.0982969679638
879 894 0.0984863527937
672 687 0.0985520571824
633 649 0.0986887818675
886 906 0.100138708959
726 737 0.1004038129
591 689 0.101000629615
473 530 0.101359305307
867 907 0.102052737555
853 921 0.102130658512
585 621 0.103118871906
556 557 0.104617255365
870 881 0.105114045974
631 647 0.105283880327
498 566 0.106697115847
757 796 0.10704809601
629 664 0.107483094394
740 765 0.107597916917
654 667 0.107708151951
520 573 0.107884625379
570 573 0.108023989072
492 568 0.109525657243
732 821 0.110940122245
857 931 0.111999242627
611 641 0.112020032032
581 654 0.112305895559
604 662 0.112538576095
756 826 0.112592371116
708 776 0.112971422479
475 530 0.1140736674
871 896 0.115064808218
520 577 0.115290095798
900 901 0.116078282669
874 899 0.116087366456
576 578 0.116235041008
550 556 0.116554351225
844 845 0.117022258974
867 930 0.11734583008
870 904 0.118731660971
625 635 0.120748199187
474 555 0.12100904873
849 912 0.121017048209
859 869 0.121042072695
730 815 0.121115957205
894 915 0.122302430929
515 534 0.122596704885
478 576 0.123470284599
850 883 0.123749279855
700 760 0.125167889595
854 891 0.12539471401
775 778 0.130267144674
819 831 0.13135993039
819 830 0.131613588821
479 560 0.131892159108
900 915 0.133028784422
850 876 0.13651233031
662 668 0.137642943701
913 914 0.138261485623
932 935 0.14248615945
866 901 0.144056173977
885 939 0.146650398948
919 933 0.146791274008
892 902 0.149731927252
863 891 0.15172026486
878 917 0.15229060209
848 920 0.157435440912
862 899 0.159737632053
855 856 0.16083342826
628 654 0.161749200398
857 873 0.162123048109
884 937 0.163605458947
911 928 0.165852148543
895 896 0.16700451544
551 552 0.168803189626
863 930 0.170996117121
530 572 0.172939329154
873 921 0.174999949865
923 939 0.175599794484
863 898 0.175769526022
483 538 0.177824255723
901 923 0.184499853666
868 871 0.189851106526
884 926 0.195619175336
864 929 0.20437656267
483 534 0.226199895103
903 922 0.227716159814
492 549 0.23710721555
883 893 0.241139386984
908 938 0.243305672535
568 573 0.261768735404
492 552 0.305908282995
554 743 0.638366735172
671 883 1.0542810662
0 572 1.69279618744
557 673 2.16527295401
1049 1056 0.0
1062 1146 0.0
1070 1128 0.0
1217 1321 0.000247495481609
1093 1151 0.000422655018875
1215 1324 0.000565141558094
1204 1330 0.000732902279897
1064 1104 0.000883204884692
1229 1250 0.0012725972621
1278 1280 0.00196054367963
1187 1254 0.0026085470333
1280 1353 0.00276128267015
1191 1365 0.00282401862409
1291 1373 0.00328166628177
1319 1342 0.00374400645867
1071 1150 0.0037552146589
1267 1274 0.00388859053608
1289 1352 0.0043236089652
1063 1118 0.00443297118365
1177 1356 0.00447101674487
1195 1348 0.00457578330964
1266 1279 0.00462756444138
1207 1286 0.00498491654469
1175 1181 0.00505055599597
1232 1335 0.00508807051351
1067 1088 0.00560470375441
1073 1107 0.00606686836721
1280 1281 0.0061009300798
1339 1372 0.0062289243999
1281 1354 0.00654792497431
1372 1377 0.00657443850217
1209 1348 0.00682183195332
1305 1341 0.00698854336635
1282 1353 0.00716263612494
1094 1144 0.00722800290104
1264 1265 0.00723961986457
1279 1350 0.00743406190364
1047 1057 0.00756405159329
1197 1307 0.00763940440605
1227 1270 0.00767870000331
1096 1158 0.00785147358879
1069 1080 0.00805967768814
1228 1240 0.00806862398695
1299 1376 0.00807691751743
1202 1347 0.00821601443624
1081 1084 0.00839221844539
1328 1397 0.00841578615059
1054 1055 0.00874964087207
1300 1372 0.00886649265657
1276 1317 0.00895501418362
1081 1121 0.00903783148087
1225 1368 0.00910280260381
1099 1142 0.00922932768827
1166 1171 0.00953076619963
1300 1376 0.00954252863872
1265 1350 0.00963112353942
1226 1296 0.00978679166354
1218 1330 0.00983879529329
1320 1357 0.00990467582814
1278 1350 0.0099272225109
1181 1228 0.0100286422372
1201 1343 0.0101580658647
1175 1182 0.0102822904305
1075 1130 0.0103276984562
1268 1281 0.0103449941478
1226 1342 0.0104312610094
1266 1276 0.0104517543275
1201 1357 0.0107220879208
1239 1368 0.0111492167734
1305 1308 0.0113649451213
1267 1285 0.0115844272445
1242 1373 0.0115976730426
1226 1317 0.0116705117598
1259 1260 0.0117992727267
1191 1368 0.0118596767642
1230 1318 0.0118689684653
1186 1340 0.0118809326499
960 976 0.0119025638068
1197 1389 0.0122886756386
1374 1378 0.0123459193953
1124 1150 0.0124805489703
1268 1299 0.0125451706539
1226 1345 0.0125749517083
1100 1162 0.0128727951811
1267 1276 0.0130586736799
1048 1050 0.0132301380805
1123 1131 0.0132511510476
1126 1132 0.0132720252491
1212 1296 0.0132927117166
1207 1212 0.0133100533283
1045 1052 0.0135748062759
1336 1355 0.0136482799133
1066 1100 0.0138673278817
1282 1352 0.0138840348641
1140 1156 0.0140866376671
1097 1163 0.014086834006
1183 1348 0.0141039995495
1223 1328 0.0142257125904
1338 1377 0.0142621749701
1195 1356 0.0144287036836
1240 1338 0.0144949041548
1218 1313 0.0145692894063
1197 1371 0.0147436735155
1370 1371 0.0147845722768
1095 1157 0.0149842551212
1046 1048 0.0151029281385
1383 1384 0.015127948889
1331 1345 0.015365352103
1180 1196 0.0157072833811
1092 1096 0.016018790021
1333 1343 0.0160760670262
1307 1387 0.0163184433978
1045 1053 0.0165105427627
1363 1367 0.0165922661128
1166 1170 0.0167255296866
1126 1135 0.016732608469
1357 1358 0.0168332032496
1228 1288 0.0169580249226
1259 1292 0.0172828235626
1298 1301 0.01730624072
1202 1238 0.0175246869448
1235 1308 0.0177087974032
957 998 0.0177354599613
1114 1115 0.0177453698573
1255 1256 0.0180584872091
1375 1391 0.0180971510506
1377 1378 0.0181036478776
1131 1154 0.0181343405101
1186 1379 0.0181898051175
1079 1115 0.0182682862086
1362 1363 0.0183274730728
1218 1336 0.0184963332581
1205 1359 0.0186633170593
1406 1408 0.0187027934693
1364 1367 0.0187913824743
1170 1173 0.0190431485899
1215 1302 0.0194152891392
1298 1303 0.0198147415715
1047 1058 0.0199483805748
1204 1320 0.0199552005176
1081 1120 0.0204581495664
1285 1287 0.0205757976803
1262 1393 0.0206797699904
1235 1370 0.0208363246625
1320 1356 0.0208496065612
1083 1090 0.0209046220093
1218 1232 0.0209730302263
1133 1145 0.0210380265633
1136 1158 0.021225407501
1303 1362 0.021285065587
1295 1389 0.0212969717512
1183 1319 0.0215972911137
1194 1385 0.0218513332044
1224 1310 0.0219046792646
1256 1366 0.0219743168647
1149 1163 0.0220755557845
1094 1133 0.0220955786085
1082 1100 0.0222235968993
1333 1408 0.0224138185325
1049 1057 0.0229178779126
1269 1270 0.0230621329903
1138 1159 0.0231504241372
1196 1374 0.0234178569178
1321 1365 0.0235182050489
1124 1155 0.0238625348219
1381 1384 0.0238925989369
1116 1142 0.0238935582607
1269 1271 0.0239479328235
1076 1103 0.0243276802509
1298 1361 0.0244670414306
1092 1154 0.0246238583516
1178 1391 0.024639591019
1092 1127 0.0246532125567
1294 1305 0.0247221427103
1215 1401 0.0248079960519
1210 1329 0.0248992916874
1077 1098 0.0251896706004
1256 1258 0.0252219246848
1193 1385 0.0252433592898
1358 1382 0.0253061173545
1379 1400 0.0259131078432
1050 1055 0.0261693950452
1078 1134 0.0263827729362
1168 1169 0.0264188608492
1229 1398 0.026450441431
1178 1309 0.0265481306708
1206 1220 0.0266804188106
1261 1292 0.0268997003727
1091 1114 0.026948417061
1198 1324 0.0269729647725
973 1021 0.0269973552258
1222 1237 0.0274175723847
1071 1159 0.0274593631328
958 972 0.0278476146865
1065 1143 0.0278660101831
1176 1213 0.0279655433696
1127 1138 0.028014793787
1094 1139 0.0283141911423
1185 1246 0.0284617986021
1407 1408 0.0284901898076
1182 1367 0.0287697601579
1068 1076 0.0288498482691
1079 1135 0.0291143525294
1094 1151 0.029128342129
1332 1406 0.0291443682075
955 956 0.029190058133
1134 1144 0.0292577625055
1268 1315 0.0292785733157
1199 1385 0.02931528233
1263 1277 0.0297232234076
1386 1390 0.0298893755626
1132 1136 0.0298968421855
1130 1139 0.0298976866214
1291 1308 0.0304983862567
1095 1123 0.0306272926201
953 962 0.0312957166426
1223 1400 0.0315878025411
1257 1288 0.0316578192976
1102 1103 0.031680199616
1329 1334 0.0318507971296
1082 1152 0.0321619753944
1065 1164 0.0322166967739
1334 1360 0.0323405428953
1239 1409 0.0324796335605
1290 1387 0.0326841356389
1227 1327 0.0327146053723
1187 1248 0.0329841808307
1118 1119 0.0332400594844
1015 1036 0.0336025837447
1366 1407 0.0338656895188
1328 1402 0.0340237625646
1249 1369 0.0342273323275
1065 1091 0.034483580729
1294 1304 0.0345461268115
1098 1145 0.0345475720396
1093 1132 0.0351448924587
1199 1382 0.0352603177976
1184 1322 0.0353333104462
1194 1284 0.035541607335
1381 1385 0.0363433115612
1136 1149 0.036471831622
1086 1106 0.0367967591361
1194 1375 0.0368327273702
1216 1321 0.0368716459395
1351 1396 0.0375584086487
1198 1225 0.0375629974702
1074 1118 0.0376195119361
1189 1322 0.0378212023756
1309 1389 0.0384569573653
1219 1311 0.0386729237595
1245 1309 0.0387602424074
1241 1323 0.0390208762029
1016 1033 0.0390404391293
1262 1263 0.039181559788
1116 1140 0.0399807308661
1111 1160 0.0400042194527
951 962 0.0402306482634
1034 1036 0.0403527479673
1185 1230 0.0406195624606
970 998 0.0407750067971
1314 1403 0.0409005239978
1141 1155 0.0409732488424
1258 1359 0.041012512424
989 1044 0.0411787377576
1293 1405 0.0411944300589
1220 1359 0.041881011104
1272 1404 0.0419435646732
1273 1405 0.0426334043312
1047 1059 0.0430629346177
1170 1172 0.0430981102183
1059 1060 0.0438755328172
1125 1137 0.043969450225
1210 1340 0.0441033751447
1077 1108 0.0441947373469
1062 1119 0.0442257363619
1167 1169 0.0447109466401
1152 1157 0.0449712731946
1178 1244 0.0453797340137
1260 1277 0.0455291732452
1200 1250 0.0461067194286
999 1007 0.0462853200602
1106 1107 0.046429354377
1087 1108 0.0465548916228
1243 1360 0.0467306712969
1110 1143 0.0468249905431
1249 1388 0.0473047668777
1085 1125 0.0474907991543
1083 1109 0.0475743217547
1073 1109 0.0475894809638
1040 1042 0.0479552706175
1019 1021 0.0481844594583
1004 1030 0.0482712237331
1202 1252 0.0488526637869
1337 1361 0.0488867193884
958 963 0.0490971041755
1208 1283 0.0496651098539
1072 1164 0.0498630633482
1101 1125 0.0499486967624
1224 1306 0.0505740172185
1283 1316 0.0511201755125
1036 1040 0.0515186123948
1213 1234 0.0515644632379
1346 1398 0.0516049068308
1002 1033 0.0521399570198
1248 1271 0.0524287305565
1344 1399 0.0527109789063
1293 1386 0.0531483620688
1214 1237 0.0534572699018
1066 1068 0.0538221163525
1220 1409 0.0541178064045
945 1000 0.0543577004248
1188 1254 0.0544930875091
944 981 0.0550744375805
1050 1052 0.0551491637603
1390 1398 0.0555837984744
1185 1253 0.0555887901195
1222 1349 0.0557661624482
946 981 0.0558140056855
1061 1117 0.0561838073395
1253 1388 0.0565076558712
1247 1316 0.0568661306931
1211 1273 0.0575539595459
1203 1254 0.0576906831987
1180 1247 0.0578687124131
940 1005 0.0585350978817
1200 1310 0.0590425419657
1084 1117 0.0593037748833
1072 1089 0.0593804799973
1104 1137 0.0594064731176
1064 1073 0.0596722775392
1192 1323 0.0597099057564
1078 1122 0.0603842057887
1205 1403 0.0608062270201
1283 1347 0.0609987942724
1179 1237 0.0614954202323
1297 1390 0.0615635313435
1253 1396 0.061726535246
1088 1101 0.0641278903371
1041 1044 0.0642584679989
1018 1019 0.0642858387296
941 995 0.0646686157054
956 1026 0.0651165101031
1080 1116 0.0655004020887
1086 1156 0.0655382919087
1184 1395 0.0663882613604
955 989 0.0672503812913
1277 1325 0.067863235038
946 986 0.0680721711977
1006 1009 0.0681171057419
1227 1318 0.0681202078482
963 977 0.0686954347095
986 1039 0.0703918179972
1097 1160 0.0704218063566
953 971 0.0704298939301
985 1007 0.070943704166
1011 1018 0.0716776651641
968 990 0.0719803961073
1165 1174 0.072079509978
1072 1085 0.0722788830878
1206 1219 0.0723010401909
957 959 0.0724761779176
1190 1214 0.072631949169
1208 1325 0.0727057202532
991 1023 0.0738589939419
1089 1113 0.0743789876904
1031 1038 0.0744307606034
1148 1161 0.0744645698433
953 958 0.0748720841224
1046 1051 0.0764508034518
974 1043 0.077889834936
1105 1147 0.0780573643406
1233 1306 0.0780645452194
985 1042 0.0790322413705
1190 1234 0.0804951683288
948 1025 0.0805011425862
1241 1297 0.0814755921732
1221 1326 0.0816317056539
1067 1070 0.0832334005405
1211 1399 0.0841424490928
1326 1405 0.0841963091124
949 1022 0.0843304278308
1088 1153 0.0845231943066
996 1008 0.0847093387987
948 1029 0.0848765921154
1184 1388 0.0851393101016
1222 1251 0.0853506630297
961 1009 0.0857893848472
995 1005 0.087090476623
973 974 0.0879056634916
1192 1231 0.0882521285534
962 976 0.0884751513083
946 984 0.0894449342985
1322 1394 0.0905710646404
959 1017 0.0910045463225
986 1023 0.0910126274697
952 965 0.0911412279128
1006 1027 0.0915312440232
978 1023 0.0920240740826
1070 1112 0.0923781555635
1233 1236 0.0926923767015
1236 1314 0.09290742602
983 1000 0.0934823390714
994 1032 0.0936346551079
950 1025 0.094264209763
957 964 0.0949598494605
1238 1351 0.0954564658121
1106 1119 0.0962314201099
1393 1404 0.0967293771023
1248 1312 0.0981894222434
1070 1147 0.100137493762
959 984 0.100888899366
1275 1404 0.10125737612
1121 1161 0.10200724112
996 1017 0.102433690711
977 1024 0.105642404426
1001 1012 0.106315719657
997 1028 0.106396972956
942 949 0.10660364332
992 1010 0.110080525108
947 983 0.114050195346
961 1033 0.115114432284
1231 1349 0.117746877403
1061 1129 0.119441554737
1311 1392 0.119844282321
1129 1153 0.121029471775
1380 1394 0.121188306005
1001 1014 0.121968298144
948 1038 0.12287387899
956 999 0.124511299191
1014 1015 0.124699780451
981 1010 0.1248022742
1165 1171 0.129200135349
960 1041 0.130596219524
967 1016 0.130931945614
1049 1053 0.132979816347
1008 1028 0.133212632947
1243 1302 0.133786630217
992 1027 0.1391467632
995 1030 0.141042155865
941 983 0.143156348689
987 1020 0.14552865884
975 1005 0.145630369556
979 1027 0.149767669995
975 1026 0.150506479229
980 1037 0.151484131519
993 1035 0.153371680204
994 1024 0.15526927054
964 985 0.155742396655
1012 1043 0.161168166844
952 987 0.166782091895
988 1025 0.170941675474
945 982 0.172344522232
969 1003 0.17257354363
1013 1024 0.175400306989
954 1035 0.181840987912
949 1018 0.190206318612
979 1037 0.19435583787
969 1025 0.194591077826
952 990 0.194996042678
966 1042 0.196072625535
943 1013 0.199569138104
1167 1174 0.208164805778
980 1031 0.2154011924
942 968 0.228296704811
954 965 0.251194110772
1148 1167 0.487602701277
1051 1076 1.02423830927
1122 1362 1.66392608605
0 1035 4.15723518691
0 1380 4.4957093326
